     1        0   129600   0.000
     2    12510   129600   0.010
     3    25019   129600   0.020
     4    37528   129600   0.030
     5    50037   130340   0.040
     6    62546   130340   0.050
     7    75055   130340   0.060
     8    87564   131465   0.070
     9   100073   131465   0.080
    10   112582   131465   0.090
    11   125091   132561   0.100
    12   137600   132561   0.110
    13   150109   133540   0.120
    14   162618   133540   0.130
    15   175127   134516   0.140
    16   187636   134516   0.150
    17   200145   135436   0.160
    18   212654   135436   0.170
    19   225163   136360   0.180
    20   237672   137305   0.190
    21   250181   137305   0.200
    22   262690   138262   0.210
    23   275199   138262   0.220
    24   287708   139199   0.230
    25   300217   139199   0.240
    26   312726   140174   0.250
    27   325235   140174   0.260
    28   337744   141257   0.270
    29   350253   141257   0.280
    30   362762   142385   0.290
    31   375271   143538   0.300
    32   387780   143538   0.310
    33   400289   144689   0.320
    34   412798   144689   0.330
    35   425307   145881   0.340
    36   437816   145881   0.350
    37   450325   147159   0.360
    38   462834   147159   0.370
    39   475343   148427   0.380
    40   487852   148427   0.390
    41   500361   148427   0.400
    42   512870   149700   0.410
    43   525379   149700   0.420
    44   537888   151139   0.430
    45   550397   151139   0.440
    46   562906   152504   0.450
    47   575415   152504   0.460
    48   587924   153824   0.470
    49   600433   153824   0.480
    50   612942   155208   0.490
    51   625451   155208   0.500
    52   637960   156548   0.510
    53   650469   156548   0.520
    54   662978   157947   0.530
    55   675487   157947   0.540
    56   687996   159339   0.550
    57   700505   159339   0.560
    58   713014   160674   0.570
    59   725523   160674   0.580
    60   738032   162006   0.590
    61   750541   162006   0.600
    62   763050   163358   0.610
    63   775559   163358   0.620
    64   788068   164760   0.630
    65   800577   164760   0.640
    66   813086   166132   0.650
    67   825595   166132   0.660
    68   838104   166132   0.670
    69   850613   167505   0.680
    70   863122   167505   0.690
    71   875631   168902   0.700
    72   888140   168902   0.710
    73   900649   170323   0.720
    74   913158   170323   0.730
    75   925667   171708   0.740
    76   938176   171708   0.750
    77   950685   173164   0.760
    78   963194   173164   0.770
    79   975703   174582   0.780
    80   988212   174582   0.790
    81  1000721   174582   0.800
    82  1013230   175915   0.810
    83  1025739   175915   0.820
    84  1038248   177308   0.830
    85  1050757   177308   0.840
    86  1063266   178750   0.850
    87  1075775   178750   0.860
    88  1088284   180150   0.870
    89  1100793   180150   0.880
    90  1113302   181532   0.890
    91  1125811   181532   0.900
    92  1138320   181532   0.910
    93  1150829   182967   0.920
    94  1163338   182967   0.930
    95  1175847   184416   0.940
    96  1188356   184416   0.950
    97  1200865   185867   0.960
    98  1213374   185867   0.970
    99  1225883   187276   0.980
   100  1238392   187276   0.990
   101  1250901   188675   1.000
   102  1263410   188675   1.010
   103  1275919   188675   1.020
   104  1288428   190091   1.030
   105  1300937   190091   1.040
   106  1313446   191494   1.050
   107  1325955   191494   1.060
   108  1338464   192886   1.070
   109  1350973   192886   1.080
   110  1363482   194367   1.090
   111  1375991   194367   1.100
   112  1388500   195667   1.110
   113  1401009   195667   1.120
   114  1413518   197087   1.130
   115  1426027   197087   1.140
   116  1438536   198389   1.150
   117  1451045   198389   1.160
   118  1463554   198389   1.170
   119  1476063   199778   1.180
   120  1488572   199778   1.190
   121  1501081   201179   1.200
   122  1513590   201179   1.210
   123  1526099   202560   1.220
   124  1538608   202560   1.230
   125  1551117   203974   1.240
   126  1563626   203974   1.250
   127  1576135   205362   1.260
   128  1588644   205362   1.270
   129  1601153   206763   1.280
   130  1613662   206763   1.290
   131  1626171   208204   1.300
   132  1638680   208204   1.310
   133  1651189   208204   1.320
   134  1663698   209625   1.330
   135  1676207   209625   1.340
   136  1688716   211025   1.350
   137  1701225   211025   1.360
   138  1713734   212453   1.370
   139  1726243   212453   1.380
   140  1738752   213839   1.390
   141  1751261   213839   1.400
   142  1763770   215276   1.410
   143  1776279   215276   1.420
   144  1788788   216672   1.430
   145  1801297   216672   1.440
   146  1813806   218087   1.450
   147  1826315   218087   1.460
   148  1838824   218087   1.470
   149  1851333   219524   1.480
   150  1863842   219524   1.490
   151  1876351   220952   1.500
   152  1888860   220952   1.510
   153  1901369   222304   1.520
   154  1913878   222304   1.530
   155  1926387   223716   1.540
   156  1938896   223716   1.550
   157  1951405   225046   1.560
   158  1963914   225046   1.570
   159  1976423   226457   1.580
   160  1988932   226457   1.590
   161  2001441   227886   1.600
   162  2013950   227886   1.610
   163  2026459   229306   1.620
   164  2038968   229306   1.630
   165  2051477   230779   1.640
   166  2063986   230779   1.650
   167  2076495   230779   1.660
   168  2089004   232204   1.670
   169  2101513   232204   1.680
   170  2114022   233751   1.690
   171  2126531   233751   1.700
   172  2139040   235232   1.710
   173  2151549   235232   1.720
   174  2164058   236707   1.730
   175  2176567   236707   1.740
   176  2189076   238201   1.750
   177  2201585   238201   1.760
   178  2214094   239643   1.770
   179  2226603   239643   1.780
   180  2239112   239643   1.790
   181  2251621   241110   1.800
   182  2264130   241110   1.810
