     1     4000     1252   0.001
     2     4000     2503   0.002
     3     4000     3754   0.003
     4     4000     5005   0.004
     5     4000     6256   0.005
     6     4000     7507   0.006
     7     4000     8758   0.007
     8     4000    10009   0.008
     9     4000    11260   0.009
    10     4000    12511   0.010
    11     4000    13762   0.011
    12     4000    15013   0.012
    13     4000    16264   0.013
    14     4000    17515   0.014
    15     4000    18766   0.015
    16     4000    20017   0.016
    17     4000    21268   0.017
    18     4000    22519   0.018
    19     4000    23770   0.019
    20     4000    25021   0.020
    21     4000    26272   0.021
    22     4000    27523   0.022
    23     4000    28774   0.023
    24     4000    30025   0.024
    25     4000    31276   0.025
    26     4000    32527   0.026
    27     4000    33778   0.027
    28     4000    35029   0.028
    29     4000    36280   0.029
    30     4000    37531   0.030
    31     4000    38782   0.031
    32     4000    40033   0.032
    33     4000    41284   0.033
    34     4000    42535   0.034
    35     4000    43786   0.035
    36     4000    45037   0.036
    37     4000    46288   0.037
    38     4000    47539   0.038
    39     4000    48790   0.039
    40     4000    50041   0.040
    41     4000    51292   0.041
    42     4000    52543   0.042
    43     4000    53794   0.043
    44     4000    55045   0.044
    45     4000    56296   0.045
    46     4000    57547   0.046
    47     4000    58798   0.047
    48     4000    60049   0.048
    49     4000    61300   0.049
    50     4000    62551   0.050
    51     4000    63802   0.051
    52     4000    65053   0.052
    53     4000    66304   0.053
    54     4000    67555   0.054
    55     4000    68806   0.055
    56     4000    70057   0.056
    57     4000    71308   0.057
    58     4000    72559   0.058
    59     4000    73810   0.059
    60     4000    75061   0.060
    61     4000    76312   0.061
    62     4000    77563   0.062
    63     4000    78814   0.063
    64     4000    80065   0.064
    65     4000    81316   0.065
    66     4000    82567   0.066
    67     4000    83818   0.067
    68     4000    85069   0.068
    69     4000    86320   0.069
    70     4000    87571   0.070
    71     4000    88822   0.071
    72     4000    90073   0.072
    73     4000    91324   0.073
    74     4000    92575   0.074
    75     4000    93826   0.075
    76     4000    95077   0.076
    77     4000    96328   0.077
    78     4000    97579   0.078
    79     4000    98830   0.079
    80     4000   100081   0.080
    81     4000   101332   0.081
    82     4000   102583   0.082
    83     4000   103834   0.083
    84     4000   105085   0.084
    85     4000   106336   0.085
    86     4000   107587   0.086
    87     4000   108838   0.087
    88     4000   110089   0.088
    89     4000   111340   0.089
    90     4000   112591   0.090
    91     4000   113842   0.091
    92     4000   115093   0.092
    93     4000   116344   0.093
    94     4000   117595   0.094
    95     4000   118846   0.095
    96     4000   120097   0.096
    97     4000   121348   0.097
    98     4000   122599   0.098
    99     4000   123850   0.099
   100     4000   125101   0.100
   101     4000   126352   0.101
   102     4000   127603   0.102
   103     4000   128854   0.103
   104     4000   130105   0.104
   105     4000   131356   0.105
   106     4000   132607   0.106
   107     4000   133858   0.107
   108     4000   135109   0.108
   109     4000   136360   0.109
   110     4000   137611   0.110
   111     4000   138862   0.111
   112     4000   140113   0.112
   113     4000   141364   0.113
   114     4000   142615   0.114
   115     4000   143866   0.115
   116     4000   145117   0.116
   117     4000   146368   0.117
   118     4000   147619   0.118
   119     4000   148870   0.119
   120     4000   150121   0.120
   121     4000   151372   0.121
   122     4000   152623   0.122
   123     4000   153874   0.123
   124     4000   155125   0.124
   125     4000   156376   0.125
   126     4000   157627   0.126
   127     4000   158878   0.127
   128     4000   160129   0.128
   129     4000   161380   0.129
   130     4000   162631   0.130
   131     4000   163882   0.131
   132     4000   165133   0.132
   133     4000   166384   0.133
   134     4000   167635   0.134
   135     4000   168886   0.135
   136     4000   170137   0.136
   137     4000   171388   0.137
   138     4000   172639   0.138
   139     4000   173890   0.139
   140     4000   175141   0.140
   141     4000   176392   0.141
   142     4000   177643   0.142
   143     4000   178894   0.143
   144     4000   180145   0.144
   145     4000   181396   0.145
   146     4000   182647   0.146
   147     4000   183898   0.147
   148     4000   185149   0.148
   149     4000   186400   0.149
   150     4000   187651   0.150
   151     4000   188902   0.151
   152     4000   190153   0.152
   153     4000   191404   0.153
   154     4000   192655   0.154
   155     4000   193906   0.155
   156     4000   195157   0.156
   157     4000   196408   0.157
   158     4000   197659   0.158
   159     4000   198910   0.159
   160     4000   200161   0.160
   161     4000   201412   0.161
   162     4000   202663   0.162
   163     4000   203914   0.163
   164     4000   205165   0.164
   165     4000   206416   0.165
   166     4000   207667   0.166
   167     4000   208918   0.167
   168     4000   210169   0.168
   169     4000   211420   0.169
   170     4000   212671   0.170
   171     4000   213922   0.171
   172     4000   215173   0.172
   173     4000   216424   0.173
   174     4000   217675   0.174
   175     4000   218926   0.175
   176     4000   220177   0.176
   177     4000   221428   0.177
   178     4000   222679   0.178
   179     4000   223930   0.179
   180     4000   225181   0.180
   181     4000   226432   0.181
   182     4000   227683   0.182
   183     4000   228934   0.183
   184     4000   230185   0.184
   185     4000   231436   0.185
   186     4000   232687   0.186
   187     4000   233938   0.187
   188     4000   235189   0.188
   189     4000   236440   0.189
   190     4000   237691   0.190
   191     4000   238942   0.191
   192     4000   240193   0.192
   193     4000   241444   0.193
   194     4000   242695   0.194
   195     4000   243946   0.195
   196     4000   245197   0.196
   197     4000   246448   0.197
   198     4000   247699   0.198
   199     4000   248950   0.199
   200     4000   250201   0.200
   201     4000   251452   0.201
   202     4000   252703   0.202
   203     4000   253954   0.203
   204     4000   255205   0.204
   205     4000   256456   0.205
   206     4000   257707   0.206
   207     4000   258958   0.207
   208     4000   260209   0.208
   209     4000   261460   0.209
   210     4000   262711   0.210
   211     4000   263962   0.211
   212     4000   265213   0.212
   213     4000   266464   0.213
   214     4000   267715   0.214
   215     4000   268966   0.215
   216     4000   270217   0.216
   217     4000   271468   0.217
   218     4000   272719   0.218
   219     4000   273970   0.219
   220     4000   275221   0.220
   221     4000   276472   0.221
   222     4000   277723   0.222
   223     4000   278974   0.223
   224     4000   280225   0.224
   225     4000   281476   0.225
   226     4000   282727   0.226
   227     4000   283978   0.227
   228     4000   285229   0.228
   229     4000   286480   0.229
   230     4000   287731   0.230
   231     4000   288982   0.231
   232     4000   290233   0.232
   233     4000   291484   0.233
   234     4000   292735   0.234
   235     4000   293986   0.235
   236     4000   295237   0.236
   237     4000   296488   0.237
   238     4000   297739   0.238
   239     4000   298990   0.239
   240     4000   300241   0.240
   241     4000   301492   0.241
   242     4000   302743   0.242
   243     4000   303994   0.243
   244     4000   305245   0.244
   245     4000   306496   0.245
   246     4000   307747   0.246
   247     4000   308998   0.247
   248     4000   310249   0.248
   249     4000   311500   0.249
   250     4000   312751   0.250
   251     4000   314002   0.251
   252     4000   315253   0.252
   253     4000   316504   0.253
   254     4000   317755   0.254
   255     4000   319006   0.255
   256     4000   320257   0.256
   257     4000   321508   0.257
   258     4000   322759   0.258
   259     4000   324010   0.259
   260     4000   325261   0.260
   261     4000   326512   0.261
   262     4000   327763   0.262
   263     4000   329014   0.263
   264     4000   330265   0.264
   265     4000   331516   0.265
   266     4000   332767   0.266
   267     4000   334018   0.267
   268     4000   335269   0.268
   269     4000   336520   0.269
   270     4000   337771   0.270
   271     4000   339022   0.271
   272     4000   340273   0.272
   273     4000   341524   0.273
   274     4000   342775   0.274
   275     4000   344026   0.275
   276     4000   345277   0.276
   277     4000   346528   0.277
   278     4000   347779   0.278
   279     4000   349030   0.279
   280     4000   350281   0.280
   281     4000   351532   0.281
   282     4000   352783   0.282
   283     4000   354034   0.283
   284     4000   355285   0.284
   285     4000   356536   0.285
   286     4000   357787   0.286
   287     4000   359038   0.287
   288     4000   360289   0.288
   289     4000   361540   0.289
   290     4000   362791   0.290
   291     4000   364042   0.291
   292     4000   365293   0.292
   293     4000   366544   0.293
   294     4000   367795   0.294
   295     4000   369046   0.295
   296     4000   370297   0.296
   297     4000   371548   0.297
   298     4000   372799   0.298
   299     4000   374050   0.299
   300     4000   375301   0.300
   301     4000   376552   0.301
   302     4000   377803   0.302
   303     4000   379054   0.303
   304     4000   380305   0.304
   305     4000   381556   0.305
   306     4000   382807   0.306
   307     4000   384058   0.307
   308     4000   385309   0.308
   309     4000   386560   0.309
   310     4000   387811   0.310
   311     4000   389062   0.311
   312     4000   390313   0.312
   313     4000   391564   0.313
   314     4000   392815   0.314
   315     4000   394066   0.315
   316     4000   395317   0.316
   317     4000   396568   0.317
   318     4000   397819   0.318
   319     4000   399070   0.319
   320     4000   400321   0.320
   321     4000   401572   0.321
   322     4000   402823   0.322
   323     4000   404074   0.323
   324     4000   405325   0.324
   325     4000   406576   0.325
   326     4000   407827   0.326
   327     4000   409078   0.327
   328     4000   410329   0.328
   329     4000   411580   0.329
   330     4000   412831   0.330
   331     4000   414082   0.331
   332     4000   415333   0.332
   333     4000   416584   0.333
   334     4000   417835   0.334
   335     4000   419086   0.335
   336     4000   420337   0.336
   337     4000   421588   0.337
   338     4000   422839   0.338
   339     4000   424090   0.339
   340     4000   425341   0.340
   341     4000   426592   0.341
   342     4000   427843   0.342
   343     4000   429094   0.343
   344     4000   430345   0.344
   345     4000   431596   0.345
   346     4000   432847   0.346
   347     4000   434098   0.347
   348     4000   435349   0.348
   349     4000   436600   0.349
   350     4000   437851   0.350
   351     4000   439102   0.351
   352     4000   440353   0.352
   353     4000   441604   0.353
   354     4000   442855   0.354
   355     4000   444106   0.355
   356     4000   445357   0.356
   357     4000   446608   0.357
   358     4000   447859   0.358
   359     4000   449110   0.359
   360     4000   450361   0.360
   361     4000   451612   0.361
   362     4000   452863   0.362
   363     4000   454114   0.363
   364     4000   455365   0.364
   365     4000   456616   0.365
   366     4000   457867   0.366
   367     4000   459118   0.367
   368     4000   460369   0.368
   369     4000   461620   0.369
   370     4000   462871   0.370
   371     4000   464122   0.371
   372     4000   465373   0.372
   373     4000   466624   0.373
   374     4000   467875   0.374
   375     4000   469126   0.375
   376     4000   470377   0.376
   377     4000   471628   0.377
   378     4000   472879   0.378
   379     4000   474130   0.379
   380     4000   475381   0.380
   381     4000   476632   0.381
   382     4000   477883   0.382
   383     4000   479134   0.383
   384     4000   480385   0.384
   385     4000   481636   0.385
   386     4000   482887   0.386
   387     4000   484138   0.387
   388     4000   485389   0.388
   389     4000   486640   0.389
   390     4000   487891   0.390
   391     4000   489142   0.391
   392     4000   490393   0.392
   393     4000   491644   0.393
   394     4000   492895   0.394
   395     4000   494146   0.395
   396     4000   495397   0.396
   397     4000   496648   0.397
   398     4000   497899   0.398
   399     4000   499150   0.399
   400     4000   500401   0.400
   401     4000   501652   0.401
   402     4000   502903   0.402
   403     4000   504154   0.403
   404     4000   505405   0.404
   405     4000   506656   0.405
   406     4000   507907   0.406
   407     4000   509158   0.407
   408     4000   510409   0.408
   409     4000   511660   0.409
   410     4000   512911   0.410
   411     4000   514162   0.411
   412     4000   515413   0.412
   413     4000   516664   0.413
   414     4000   517915   0.414
   415     4000   519166   0.415
   416     4000   520417   0.416
   417     4000   521668   0.417
   418     4000   522919   0.418
   419     4000   524170   0.419
   420     4000   525421   0.420
   421     4000   526672   0.421
   422     4000   527923   0.422
   423     4000   529174   0.423
   424     4000   530425   0.424
   425     4000   531676   0.425
   426     4000   532927   0.426
   427     4000   534178   0.427
   428     4000   535429   0.428
   429     4000   536680   0.429
   430     4000   537931   0.430
   431     4000   539182   0.431
   432     4000   540433   0.432
   433     4000   541684   0.433
   434     4000   542935   0.434
   435     4000   544186   0.435
   436     4000   545437   0.436
   437     4000   546688   0.437
   438     4000   547939   0.438
   439     4000   549190   0.439
   440     4000   550441   0.440
   441     4000   551692   0.441
   442     4000   552943   0.442
   443     4000   554194   0.443
   444     4000   555445   0.444
   445     4000   556696   0.445
   446     4000   557947   0.446
   447     4000   559198   0.447
   448     4000   560449   0.448
   449     4000   561700   0.449
   450     4000   562951   0.450
   451     4000   564202   0.451
   452     4000   565453   0.452
   453     4000   566704   0.453
   454     4000   567955   0.454
   455     4000   569206   0.455
   456     4000   570457   0.456
   457     4000   571708   0.457
   458     4000   572959   0.458
   459     4000   574210   0.459
   460     4000   575461   0.460
   461     4000   576712   0.461
   462     4000   577963   0.462
   463     4000   579214   0.463
   464     4000   580465   0.464
   465     4000   581716   0.465
   466     4000   582967   0.466
   467     4000   584218   0.467
   468     4000   585469   0.468
   469     4000   586720   0.469
   470     4000   587971   0.470
   471     4000   589222   0.471
   472     4000   590473   0.472
   473     4000   591724   0.473
   474     4000   592975   0.474
   475     4000   594226   0.475
   476     4000   595477   0.476
   477     4000   596728   0.477
   478     4000   597979   0.478
   479     4000   599230   0.479
   480     4000   600481   0.480
   481     4000   601732   0.481
   482     4000   602983   0.482
   483     4000   604234   0.483
   484     4000   605485   0.484
   485     4000   606736   0.485
   486     4000   607987   0.486
   487     4000   609238   0.487
   488     4000   610489   0.488
   489     4000   611740   0.489
   490     4000   612991   0.490
   491     4000   614242   0.491
   492     4000   615493   0.492
   493     4000   616744   0.493
   494     4000   617995   0.494
   495     4000   619246   0.495
   496     4000   620497   0.496
   497     4000   621748   0.497
   498     4000   622999   0.498
   499     4000   624250   0.499
   500     4000   625501   0.500
   501     4000   626752   0.501
   502     4000   628003   0.502
   503     4000   629254   0.503
   504     4000   630505   0.504
   505     4000   631756   0.505
   506     4000   633007   0.506
   507     4000   634258   0.507
   508     4000   635509   0.508
   509     4000   636760   0.509
   510     4000   638011   0.510
   511     4000   639262   0.511
   512     4000   640513   0.512
   513     4000   641764   0.513
   514     4000   643015   0.514
   515     4000   644266   0.515
   516     4000   645517   0.516
   517     4000   646768   0.517
   518     4000   648019   0.518
   519     4000   649270   0.519
   520     4000   650521   0.520
   521     4000   651772   0.521
   522     4000   653023   0.522
   523     4000   654274   0.523
   524     4000   655525   0.524
   525     4000   656776   0.525
   526     4000   658027   0.526
   527     4000   659278   0.527
   528     4000   660529   0.528
   529     4000   661780   0.529
   530     4000   663031   0.530
   531     4000   664282   0.531
   532     4000   665533   0.532
   533     4000   666784   0.533
   534     4000   668035   0.534
   535     4000   669286   0.535
   536     4000   670537   0.536
   537     4000   671788   0.537
   538     4000   673039   0.538
   539     4000   674290   0.539
   540     4000   675541   0.540
   541     4000   676792   0.541
   542     4000   678043   0.542
   543     4000   679294   0.543
   544     4000   680545   0.544
   545     4000   681796   0.545
   546     4000   683047   0.546
   547     4000   684298   0.547
   548     4000   685549   0.548
   549     4000   686800   0.549
   550     4000   688051   0.550
   551     4000   689302   0.551
   552     4000   690553   0.552
   553     4000   691804   0.553
   554     4000   693055   0.554
   555     4000   694306   0.555
   556     4000   695557   0.556
   557     4000   696808   0.557
   558     4000   698059   0.558
   559     4000   699310   0.559
   560     4000   700561   0.560
   561     4000   701812   0.561
   562     4000   703063   0.562
   563     4000   704314   0.563
   564     4000   705565   0.564
   565     4000   706816   0.565
   566     4000   708067   0.566
   567     4000   709318   0.567
   568     4000   710569   0.568
   569     4000   711820   0.569
   570     4000   713071   0.570
   571     4000   714322   0.571
   572     4000   715573   0.572
   573     4000   716824   0.573
   574     4000   718075   0.574
   575     4000   719326   0.575
   576     4000   720577   0.576
   577     4000   721828   0.577
   578     4000   723079   0.578
   579     4000   724330   0.579
   580     4000   725581   0.580
   581     4000   726832   0.581
   582     4000   728083   0.582
   583     4000   729334   0.583
   584     4000   730585   0.584
   585     4000   731836   0.585
   586     4000   733087   0.586
   587     4000   734338   0.587
   588     4000   735589   0.588
   589     4000   736840   0.589
   590     4000   738091   0.590
   591     4000   739342   0.591
   592     4000   740593   0.592
   593     4000   741844   0.593
   594     4000   743095   0.594
   595     4000   744346   0.595
   596     4000   745597   0.596
   597     4000   746848   0.597
   598     4000   748099   0.598
   599     4000   749350   0.599
   600     4000   750601   0.600
   601     4000   751852   0.601
   602     4000   753103   0.602
   603     4000   754354   0.603
   604     4000   755605   0.604
   605     4000   756856   0.605
   606     4000   758107   0.606
   607     4000   759358   0.607
   608     4000   760609   0.608
   609     4000   761860   0.609
   610     4000   763111   0.610
   611     4000   764362   0.611
   612     4000   765613   0.612
   613     4000   766864   0.613
   614     4000   768115   0.614
   615     4000   769366   0.615
   616     4000   770617   0.616
   617     4000   771868   0.617
   618     4000   773119   0.618
   619     4000   774370   0.619
   620     4000   775621   0.620
   621     4000   776872   0.621
   622     4000   778123   0.622
   623     4000   779374   0.623
   624     4000   780625   0.624
   625     4000   781876   0.625
   626     4000   783127   0.626
   627     4000   784378   0.627
   628     4000   785629   0.628
   629     4000   786880   0.629
   630     4000   788131   0.630
   631     4000   789382   0.631
   632     4000   790633   0.632
   633     4000   791884   0.633
   634     4000   793135   0.634
   635     4000   794386   0.635
   636     4000   795637   0.636
   637     4000   796888   0.637
   638     4000   798139   0.638
   639     4000   799390   0.639
   640     4000   800641   0.640
   641     4000   801892   0.641
   642     4000   803143   0.642
   643     4000   804394   0.643
   644     4000   805645   0.644
   645     4000   806896   0.645
   646     4000   808147   0.646
   647     4000   809398   0.647
   648     4000   810649   0.648
   649     4000   811900   0.649
   650     4000   813151   0.650
   651     4000   814402   0.651
   652     4000   815653   0.652
   653     4000   816904   0.653
   654     4000   818155   0.654
   655     4000   819406   0.655
   656     4000   820657   0.656
   657     4000   821908   0.657
   658     4000   823159   0.658
   659     4000   824410   0.659
   660     4000   825661   0.660
   661     4000   826912   0.661
   662     4000   828163   0.662
   663     4000   829414   0.663
   664     4000   830665   0.664
   665     4000   831916   0.665
   666     4000   833167   0.666
   667     4000   834418   0.667
   668     4000   835669   0.668
   669     4000   836920   0.669
   670     4000   838171   0.670
   671     4000   839422   0.671
   672     4000   840673   0.672
   673     4000   841924   0.673
   674     4000   843175   0.674
   675     4000   844426   0.675
   676     4000   845677   0.676
   677     4000   846928   0.677
   678     4000   848179   0.678
   679     4000   849430   0.679
   680     4000   850681   0.680
   681     4000   851932   0.681
   682     4000   853183   0.682
   683     4000   854434   0.683
   684     4000   855685   0.684
   685     4000   856936   0.685
   686     4000   858187   0.686
   687     4000   859438   0.687
   688     4000   860689   0.688
   689     4000   861940   0.689
   690     4000   863191   0.690
   691     4000   864442   0.691
   692     4000   865693   0.692
   693     4000   866944   0.693
   694     4000   868195   0.694
   695     4000   869446   0.695
   696     4000   870697   0.696
   697     4000   871948   0.697
   698     4000   873199   0.698
   699     4000   874450   0.699
   700     4000   875701   0.700
   701     4000   876952   0.701
   702     4000   878203   0.702
   703     4000   879454   0.703
   704     4000   880705   0.704
   705     4000   881956   0.705
   706     4000   883207   0.706
   707     4000   884458   0.707
   708     4000   885709   0.708
   709     4000   886960   0.709
   710     4000   888211   0.710
   711     4000   889462   0.711
   712     4000   890713   0.712
   713     4000   891964   0.713
   714     4000   893215   0.714
   715     4000   894466   0.715
   716     4000   895717   0.716
   717     4000   896968   0.717
   718     4000   898219   0.718
   719     4000   899470   0.719
   720     4000   900721   0.720
   721     4000   901972   0.721
   722     4000   903223   0.722
   723     4000   904474   0.723
   724     4000   905725   0.724
   725     4000   906976   0.725
   726     4000   908227   0.726
   727     4000   909478   0.727
   728     4000   910729   0.728
   729     4000   911980   0.729
   730     4000   913231   0.730
   731     4000   914482   0.731
   732     4000   915733   0.732
   733     4000   916984   0.733
   734     4000   918235   0.734
   735     4000   919486   0.735
   736     4000   920737   0.736
   737     4000   921988   0.737
   738     4000   923239   0.738
   739     4000   924490   0.739
   740     4000   925741   0.740
   741     4000   926992   0.741
   742     4000   928243   0.742
   743     4000   929494   0.743
   744     4000   930745   0.744
   745     4000   931996   0.745
   746     4000   933247   0.746
   747     4000   934498   0.747
   748     4000   935749   0.748
   749     4000   937000   0.749
   750     4000   938251   0.750
   751     4000   939502   0.751
   752     4000   940753   0.752
   753     4000   942004   0.753
   754     4000   943255   0.754
   755     4000   944506   0.755
   756     4000   945757   0.756
   757     4000   947008   0.757
   758     4000   948259   0.758
   759     4000   949510   0.759
   760     4000   950761   0.760
   761     4000   952012   0.761
   762     4000   953263   0.762
   763     4000   954514   0.763
   764     4000   955765   0.764
   765     4000   957016   0.765
   766     4000   958267   0.766
   767     4000   959518   0.767
   768     4000   960769   0.768
   769     4000   962020   0.769
   770     4000   963271   0.770
   771     4000   964522   0.771
   772     4000   965773   0.772
   773     4000   967024   0.773
   774     4000   968275   0.774
   775     4000   969526   0.775
   776     4000   970777   0.776
   777     4000   972028   0.777
   778     4000   973279   0.778
   779     4000   974530   0.779
   780     4000   975781   0.780
   781     4000   977032   0.781
   782     4000   978283   0.782
   783     4000   979534   0.783
   784     4000   980785   0.784
   785     4000   982036   0.785
   786     4000   983287   0.786
   787     4000   984538   0.787
   788     4000   985789   0.788
   789     4000   987040   0.789
   790     4000   988291   0.790
   791     4000   989542   0.791
   792     4000   990793   0.792
   793     4000   992044   0.793
   794     4000   993295   0.794
   795     4000   994546   0.795
   796     4000   995797   0.796
   797     4000   997048   0.797
   798     4000   998299   0.798
   799     4000   999550   0.799
   800     4000  1000801   0.800
   801     4000  1002052   0.801
   802     4000  1003303   0.802
   803     4000  1004554   0.803
   804     4000  1005805   0.804
   805     4000  1007056   0.805
   806     4000  1008307   0.806
   807     4000  1009558   0.807
   808     4000  1010809   0.808
   809     4000  1012060   0.809
   810     4000  1013311   0.810
   811     4000  1014562   0.811
   812     4000  1015813   0.812
   813     4000  1017064   0.813
   814     4000  1018315   0.814
   815     4000  1019566   0.815
   816     4000  1020817   0.816
   817     4000  1022068   0.817
   818     4000  1023319   0.818
   819     4000  1024570   0.819
   820     4000  1025821   0.820
   821     4000  1027072   0.821
   822     4000  1028323   0.822
   823     4000  1029574   0.823
   824     4000  1030825   0.824
   825     4000  1032076   0.825
   826     4000  1033327   0.826
   827     4000  1034578   0.827
   828     4000  1035829   0.828
   829     4000  1037080   0.829
   830     4000  1038331   0.830
   831     4000  1039582   0.831
   832     4000  1040833   0.832
   833     4000  1042084   0.833
   834     4000  1043335   0.834
   835     4000  1044586   0.835
   836     4000  1045837   0.836
   837     4000  1047088   0.837
   838     4000  1048339   0.838
   839     4000  1049590   0.839
   840     4000  1050841   0.840
   841     4000  1052092   0.841
   842     4000  1053343   0.842
   843     4000  1054594   0.843
   844     4000  1055845   0.844
   845     4000  1057096   0.845
   846     4000  1058347   0.846
   847     4000  1059598   0.847
   848     4000  1060849   0.848
   849     4000  1062100   0.849
   850     4000  1063351   0.850
   851     4000  1064602   0.851
   852     4000  1065853   0.852
   853     4000  1067104   0.853
   854     4000  1068355   0.854
   855     4000  1069606   0.855
   856     4000  1070857   0.856
   857     4000  1072108   0.857
   858     4000  1073359   0.858
   859     4000  1074610   0.859
   860     4000  1075861   0.860
   861     4000  1077112   0.861
   862     4000  1078363   0.862
   863     4000  1079614   0.863
   864     4000  1080865   0.864
   865     4000  1082116   0.865
   866     4000  1083367   0.866
   867     4000  1084618   0.867
   868     4000  1085869   0.868
   869     4000  1087120   0.869
   870     4000  1088371   0.870
   871     4000  1089622   0.871
   872     4000  1090873   0.872
   873     4000  1092124   0.873
   874     4000  1093375   0.874
   875     4000  1094626   0.875
   876     4000  1095877   0.876
   877     4000  1097128   0.877
   878     4000  1098379   0.878
   879     4000  1099630   0.879
   880     4000  1100881   0.880
   881     4000  1102132   0.881
   882     4000  1103383   0.882
   883     4000  1104634   0.883
   884     4000  1105885   0.884
   885     4000  1107136   0.885
   886     4000  1108387   0.886
   887     4000  1109638   0.887
   888     4000  1110889   0.888
   889     4000  1112140   0.889
   890     4000  1113391   0.890
   891     4000  1114642   0.891
   892     4000  1115893   0.892
   893     4000  1117144   0.893
   894     4000  1118395   0.894
   895     4000  1119646   0.895
   896     4000  1120897   0.896
   897     4000  1122148   0.897
   898     4000  1123399   0.898
   899     4000  1124650   0.899
   900     4000  1125901   0.900
   901     4000  1127152   0.901
   902     4000  1128403   0.902
   903     4000  1129654   0.903
   904     4000  1130905   0.904
   905     4000  1132156   0.905
   906     4000  1133407   0.906
   907     4000  1134658   0.907
   908     4000  1135909   0.908
   909     4000  1137160   0.909
   910     4000  1138411   0.910
   911     4000  1139662   0.911
   912     4000  1140913   0.912
   913     4000  1142164   0.913
   914     4000  1143415   0.914
   915     4000  1144666   0.915
   916     4000  1145917   0.916
   917     4000  1147168   0.917
   918     4000  1148419   0.918
   919     4000  1149670   0.919
   920     4000  1150921   0.920
   921     4000  1152172   0.921
   922     4000  1153423   0.922
   923     4000  1154674   0.923
   924     4000  1155925   0.924
   925     4000  1157176   0.925
   926     4000  1158427   0.926
   927     4000  1159678   0.927
   928     4000  1160929   0.928
   929     4000  1162180   0.929
   930     4000  1163431   0.930
   931     4000  1164682   0.931
   932     4000  1165933   0.932
   933     4000  1167184   0.933
   934     4000  1168435   0.934
   935     4000  1169686   0.935
   936     4000  1170937   0.936
   937     4000  1172188   0.937
   938     4000  1173439   0.938
   939     4000  1174690   0.939
   940     4000  1175941   0.940
   941     4000  1177192   0.941
   942     4000  1178443   0.942
   943     4000  1179694   0.943
   944     4000  1180945   0.944
   945     4000  1182196   0.945
   946     4000  1183447   0.946
   947     4000  1184698   0.947
   948     4000  1185949   0.948
   949     4000  1187200   0.949
   950     4000  1188451   0.950
   951     4000  1189702   0.951
   952     4000  1190953   0.952
   953     4000  1192204   0.953
   954     4000  1193455   0.954
   955     4000  1194706   0.955
   956     4000  1195957   0.956
   957     4000  1197208   0.957
   958     4000  1198459   0.958
   959     4000  1199710   0.959
   960     4000  1200961   0.960
   961     4000  1202212   0.961
   962     4000  1203463   0.962
   963     4000  1204714   0.963
   964     4000  1205965   0.964
   965     4000  1207216   0.965
   966     4000  1208467   0.966
   967     4000  1209718   0.967
   968     4000  1210969   0.968
   969     4000  1212220   0.969
   970     4000  1213471   0.970
   971     4000  1214722   0.971
   972     4000  1215973   0.972
   973     4000  1217224   0.973
   974     4000  1218475   0.974
   975     4000  1219726   0.975
   976     4000  1220977   0.976
   977     4000  1222228   0.977
   978     4000  1223479   0.978
   979     4000  1224730   0.979
   980     4000  1225981   0.980
   981     4000  1227232   0.981
   982     4000  1228483   0.982
   983     4000  1229734   0.983
   984     4000  1230985   0.984
   985     4000  1232236   0.985
   986     4000  1233487   0.986
   987     4000  1234738   0.987
   988     4000  1235989   0.988
   989     4000  1237240   0.989
   990     4000  1238491   0.990
   991     4000  1239742   0.991
   992     4000  1240993   0.992
   993     4000  1242244   0.993
   994     4000  1243495   0.994
   995     4000  1244746   0.995
   996     4000  1245997   0.996
   997     4000  1247248   0.997
   998     4000  1248499   0.998
   999     4000  1249750   0.999
  1000     4000  1251001   1.000
  1001     4000  1252252   1.001
  1002     4000  1253503   1.002
  1003     4000  1254754   1.003
  1004     4000  1256005   1.004
  1005     4000  1257256   1.005
  1006     4000  1258507   1.006
  1007     4000  1259758   1.007
  1008     4000  1261009   1.008
  1009     4000  1262260   1.009
  1010     4000  1263511   1.010
  1011     4000  1264762   1.011
  1012     4000  1266013   1.012
  1013     4000  1267264   1.013
  1014     4000  1268515   1.014
  1015     4000  1269766   1.015
  1016     4000  1271017   1.016
  1017     4000  1272268   1.017
  1018     4000  1273519   1.018
  1019     4000  1274770   1.019
  1020     4000  1276021   1.020
  1021     4000  1277272   1.021
  1022     4000  1278523   1.022
  1023     4000  1279774   1.023
  1024     4000  1281025   1.024
  1025     4000  1282276   1.025
  1026     4000  1283527   1.026
  1027     4000  1284778   1.027
  1028     4000  1286029   1.028
  1029     4000  1287280   1.029
  1030     4000  1288531   1.030
  1031     4000  1289782   1.031
  1032     4000  1291033   1.032
  1033     4000  1292284   1.033
  1034     4000  1293535   1.034
  1035     4000  1294786   1.035
  1036     4000  1296037   1.036
  1037     4000  1297288   1.037
  1038     4000  1298539   1.038
  1039     4000  1299790   1.039
  1040     4000  1301041   1.040
  1041     4000  1302292   1.041
  1042     4000  1303543   1.042
  1043     4000  1304794   1.043
  1044     4000  1306045   1.044
  1045     4000  1307296   1.045
  1046     4000  1308547   1.046
  1047     4000  1309798   1.047
  1048     4000  1311049   1.048
  1049     4000  1312300   1.049
  1050     4000  1313551   1.050
  1051     4000  1314802   1.051
  1052     4000  1316053   1.052
  1053     4000  1317304   1.053
  1054     4000  1318555   1.054
  1055     4000  1319806   1.055
  1056     4000  1321057   1.056
  1057     4000  1322308   1.057
  1058     4000  1323559   1.058
  1059     4000  1324810   1.059
  1060     4000  1326061   1.060
  1061     4000  1327312   1.061
  1062     4000  1328563   1.062
  1063     4000  1329814   1.063
  1064     4000  1331065   1.064
  1065     4000  1332316   1.065
  1066     4000  1333567   1.066
  1067     4000  1334818   1.067
  1068     4000  1336069   1.068
  1069     4000  1337320   1.069
  1070     4000  1338571   1.070
  1071     4000  1339822   1.071
  1072     4000  1341073   1.072
  1073     4000  1342324   1.073
  1074     4000  1343575   1.074
  1075     4000  1344826   1.075
  1076     4000  1346077   1.076
  1077     4000  1347328   1.077
  1078     4000  1348579   1.078
  1079     4000  1349830   1.079
  1080     4000  1351081   1.080
  1081     4000  1352332   1.081
  1082     4000  1353583   1.082
  1083     4000  1354834   1.083
  1084     4000  1356085   1.084
  1085     4000  1357336   1.085
  1086     4000  1358587   1.086
  1087     4000  1359838   1.087
  1088     4000  1361089   1.088
  1089     4000  1362340   1.089
  1090     4000  1363591   1.090
  1091     4000  1364842   1.091
  1092     4000  1366093   1.092
  1093     4000  1367344   1.093
  1094     4000  1368595   1.094
  1095     4000  1369846   1.095
  1096     4000  1371097   1.096
  1097     4000  1372348   1.097
  1098     4000  1373599   1.098
  1099     4000  1374850   1.099
  1100     4000  1376101   1.100
  1101     4000  1377352   1.101
  1102     4000  1378603   1.102
  1103     4000  1379854   1.103
  1104     4000  1381105   1.104
  1105     4000  1382356   1.105
  1106     4000  1383607   1.106
  1107     4000  1384858   1.107
  1108     4000  1386109   1.108
  1109     4000  1387360   1.109
  1110     4000  1388611   1.110
  1111     4000  1389862   1.111
  1112     4000  1391113   1.112
  1113     4000  1392364   1.113
  1114     4000  1393615   1.114
  1115     4000  1394866   1.115
  1116     4000  1396117   1.116
  1117     4000  1397368   1.117
  1118     4000  1398619   1.118
  1119     4000  1399870   1.119
  1120     4000  1401121   1.120
  1121     4000  1402372   1.121
  1122     4000  1403623   1.122
  1123     4000  1404874   1.123
  1124     4000  1406125   1.124
  1125     4000  1407376   1.125
  1126     4000  1408627   1.126
  1127     4000  1409878   1.127
  1128     4000  1411129   1.128
  1129     4000  1412380   1.129
  1130     4000  1413631   1.130
  1131     4000  1414882   1.131
  1132     4000  1416133   1.132
  1133     4000  1417384   1.133
  1134     4000  1418635   1.134
  1135     4000  1419886   1.135
  1136     4000  1421137   1.136
  1137     4000  1422388   1.137
  1138     4000  1423639   1.138
  1139     4000  1424890   1.139
  1140     4000  1426141   1.140
  1141     4000  1427392   1.141
  1142     4000  1428643   1.142
  1143     4000  1429894   1.143
  1144     4000  1431145   1.144
  1145     4000  1432396   1.145
  1146     4000  1433647   1.146
  1147     4000  1434898   1.147
  1148     4000  1436149   1.148
  1149     4000  1437400   1.149
  1150     4000  1438651   1.150
  1151     4000  1439902   1.151
  1152     4000  1441153   1.152
  1153     4000  1442404   1.153
  1154     4000  1443655   1.154
  1155     4000  1444906   1.155
  1156     4000  1446157   1.156
  1157     4000  1447408   1.157
  1158     4000  1448659   1.158
  1159     4000  1449910   1.159
  1160     4000  1451161   1.160
  1161     4000  1452412   1.161
  1162     4000  1453663   1.162
  1163     4000  1454914   1.163
  1164     4000  1456165   1.164
  1165     4000  1457416   1.165
  1166     4000  1458667   1.166
  1167     4000  1459918   1.167
  1168     4000  1461169   1.168
  1169     4000  1462420   1.169
  1170     4000  1463671   1.170
  1171     4000  1464922   1.171
  1172     4000  1466173   1.172
  1173     4000  1467424   1.173
  1174     4000  1468675   1.174
  1175     4000  1469926   1.175
  1176     4000  1471177   1.176
  1177     4000  1472428   1.177
  1178     4000  1473679   1.178
  1179     4000  1474930   1.179
  1180     4000  1476181   1.180
  1181     4000  1477432   1.181
  1182     4000  1478683   1.182
  1183     4000  1479934   1.183
  1184     4000  1481185   1.184
  1185     4000  1482436   1.185
  1186     4000  1483687   1.186
  1187     4000  1484938   1.187
  1188     4000  1486189   1.188
  1189     4000  1487440   1.189
  1190     4000  1488691   1.190
  1191     4000  1489942   1.191
  1192     4000  1491193   1.192
  1193     4000  1492444   1.193
  1194     4000  1493695   1.194
  1195     4000  1494946   1.195
  1196     4000  1496197   1.196
  1197     4000  1497448   1.197
  1198     4000  1498699   1.198
  1199     4000  1499950   1.199
  1200     4000  1501201   1.200
  1201     4000  1502452   1.201
  1202     4000  1503703   1.202
  1203     4000  1504954   1.203
  1204     4000  1506205   1.204
  1205     4000  1507456   1.205
  1206     4000  1508707   1.206
  1207     4000  1509958   1.207
  1208     4000  1511209   1.208
  1209     4000  1512460   1.209
  1210     4000  1513711   1.210
  1211     4000  1514962   1.211
  1212     4000  1516213   1.212
  1213     4000  1517464   1.213
  1214     4000  1518715   1.214
  1215     4000  1519966   1.215
  1216     4000  1521217   1.216
  1217     4000  1522468   1.217
  1218     4000  1523719   1.218
  1219     4000  1524970   1.219
  1220     4000  1526221   1.220
  1221     4000  1527472   1.221
  1222     4000  1528723   1.222
  1223     4000  1529974   1.223
  1224     4000  1531225   1.224
  1225     4000  1532476   1.225
  1226     4000  1533727   1.226
  1227     4000  1534978   1.227
  1228     4000  1536229   1.228
  1229     4000  1537480   1.229
  1230     4000  1538731   1.230
  1231     4000  1539982   1.231
  1232     4000  1541233   1.232
  1233     4000  1542484   1.233
  1234     4000  1543735   1.234
  1235     4000  1544986   1.235
  1236     4000  1546237   1.236
  1237     4000  1547488   1.237
  1238     4000  1548739   1.238
  1239     4000  1549990   1.239
  1240     4000  1551241   1.240
  1241     4000  1552492   1.241
  1242     4000  1553743   1.242
  1243     4000  1554994   1.243
  1244     4000  1556245   1.244
  1245     4000  1557496   1.245
  1246     4000  1558747   1.246
  1247     4000  1559998   1.247
  1248     4000  1561249   1.248
  1249     4000  1562500   1.249
  1250     4000  1563751   1.250
  1251     4000  1565002   1.251
  1252     4000  1566253   1.252
  1253     4000  1567504   1.253
  1254     4000  1568755   1.254
  1255     4000  1570006   1.255
  1256     4000  1571257   1.256
  1257     4000  1572508   1.257
  1258     4000  1573759   1.258
  1259     4000  1575010   1.259
  1260     4000  1576261   1.260
  1261     4000  1577512   1.261
  1262     4000  1578763   1.262
  1263     4000  1580014   1.263
  1264     4000  1581265   1.264
  1265     4000  1582516   1.265
  1266     4000  1583767   1.266
  1267     4000  1585018   1.267
  1268     4000  1586269   1.268
  1269     4000  1587520   1.269
  1270     4000  1588771   1.270
  1271     4000  1590022   1.271
  1272     4000  1591273   1.272
  1273     4000  1592524   1.273
  1274     4000  1593775   1.274
  1275     4000  1595026   1.275
  1276     4000  1596277   1.276
  1277     4000  1597528   1.277
  1278     4000  1598779   1.278
  1279     4000  1600030   1.279
  1280     4000  1601281   1.280
  1281     4000  1602532   1.281
  1282     4000  1603783   1.282
  1283     4000  1605034   1.283
  1284     4000  1606285   1.284
  1285     4000  1607536   1.285
  1286     4000  1608787   1.286
  1287     4000  1610038   1.287
  1288     4000  1611289   1.288
  1289     4000  1612540   1.289
  1290     4000  1613791   1.290
  1291     4000  1615042   1.291
  1292     4000  1616293   1.292
  1293     4000  1617544   1.293
  1294     4000  1618795   1.294
  1295     4000  1620046   1.295
  1296     4000  1621297   1.296
  1297     4000  1622548   1.297
  1298     4000  1623799   1.298
  1299     4000  1625050   1.299
  1300     4000  1626301   1.300
  1301     4000  1627552   1.301
  1302     4000  1628803   1.302
  1303     4000  1630054   1.303
  1304     4000  1631305   1.304
  1305     4000  1632556   1.305
  1306     4000  1633807   1.306
  1307     4000  1635058   1.307
  1308     4000  1636309   1.308
  1309     4000  1637560   1.309
  1310     4000  1638811   1.310
  1311     4000  1640062   1.311
  1312     4000  1641313   1.312
  1313     4000  1642564   1.313
  1314     4000  1643815   1.314
  1315     4000  1645066   1.315
  1316     4000  1646317   1.316
  1317     4000  1647568   1.317
  1318     4000  1648819   1.318
  1319     4000  1650070   1.319
  1320     4000  1651321   1.320
  1321     4000  1652572   1.321
  1322     4000  1653823   1.322
  1323     4000  1655074   1.323
  1324     4000  1656325   1.324
  1325     4000  1657576   1.325
  1326     4000  1658827   1.326
  1327     4000  1660078   1.327
  1328     4000  1661329   1.328
  1329     4000  1662580   1.329
  1330     4000  1663831   1.330
  1331     4000  1665082   1.331
  1332     4000  1666333   1.332
  1333     4000  1667584   1.333
  1334     4000  1668835   1.334
  1335     4000  1670086   1.335
  1336     4000  1671337   1.336
  1337     4000  1672588   1.337
  1338     4000  1673839   1.338
  1339     4000  1675090   1.339
  1340     4000  1676341   1.340
  1341     4000  1677592   1.341
  1342     4000  1678843   1.342
  1343     4000  1680094   1.343
  1344     4000  1681345   1.344
  1345     4000  1682596   1.345
  1346     4000  1683847   1.346
  1347     4000  1685098   1.347
  1348     4000  1686349   1.348
  1349     4000  1687600   1.349
  1350     4000  1688851   1.350
  1351     4000  1690102   1.351
  1352     4000  1691353   1.352
  1353     4000  1692604   1.353
  1354     4000  1693855   1.354
  1355     4000  1695106   1.355
  1356     4000  1696357   1.356
  1357     4000  1697608   1.357
  1358     4000  1698859   1.358
  1359     4000  1700110   1.359
  1360     4000  1701361   1.360
  1361     4000  1702612   1.361
  1362     4000  1703863   1.362
  1363     4000  1705114   1.363
  1364     4000  1706365   1.364
  1365     4000  1707616   1.365
  1366     4000  1708867   1.366
  1367     4000  1710118   1.367
  1368     4000  1711369   1.368
  1369     4000  1712620   1.369
  1370     4000  1713871   1.370
  1371     4000  1715122   1.371
  1372     4000  1716373   1.372
  1373     4000  1717624   1.373
  1374     4000  1718875   1.374
  1375     4000  1720126   1.375
  1376     4000  1721377   1.376
  1377     4000  1722628   1.377
  1378     4000  1723879   1.378
  1379     4000  1725130   1.379
  1380     4000  1726381   1.380
  1381     4000  1727632   1.381
  1382     4000  1728883   1.382
  1383     4000  1730134   1.383
  1384     4000  1731385   1.384
  1385     4000  1732636   1.385
  1386     4000  1733887   1.386
  1387     4000  1735138   1.387
  1388     4000  1736389   1.388
  1389     4000  1737640   1.389
  1390     4000  1738891   1.390
  1391     4000  1740142   1.391
  1392     4000  1741393   1.392
  1393     4000  1742644   1.393
  1394     4000  1743895   1.394
  1395     4000  1745146   1.395
  1396     4000  1746397   1.396
  1397     4000  1747648   1.397
  1398     4000  1748899   1.398
  1399     4000  1750150   1.399
  1400     4000  1751401   1.400
  1401     4000  1752652   1.401
  1402     4000  1753903   1.402
  1403     4000  1755154   1.403
  1404     4000  1756405   1.404
  1405     4000  1757656   1.405
  1406     4000  1758907   1.406
  1407     4000  1760158   1.407
  1408     4000  1761409   1.408
  1409     4000  1762660   1.409
  1410     4000  1763911   1.410
  1411     4000  1765162   1.411
  1412     4000  1766413   1.412
  1413     4000  1767664   1.413
  1414     4000  1768915   1.414
  1415     4000  1770166   1.415
  1416     4000  1771417   1.416
  1417     4000  1772668   1.417
  1418     4000  1773919   1.418
  1419     4000  1775170   1.419
  1420     4000  1776421   1.420
  1421     4000  1777672   1.421
  1422     4000  1778923   1.422
  1423     4000  1780174   1.423
  1424     4000  1781425   1.424
  1425     4000  1782676   1.425
  1426     4000  1783927   1.426
  1427     4000  1785178   1.427
  1428     4000  1786429   1.428
  1429     4000  1787680   1.429
  1430     4000  1788931   1.430
  1431     4000  1790182   1.431
  1432     4000  1791433   1.432
  1433     4000  1792684   1.433
  1434     4000  1793935   1.434
  1435     4000  1795186   1.435
  1436     4000  1796437   1.436
  1437     4000  1797688   1.437
  1438     4000  1798939   1.438
  1439     4000  1800190   1.439
  1440     4000  1801441   1.440
  1441     4000  1802692   1.441
  1442     4000  1803943   1.442
  1443     4000  1805194   1.443
  1444     4000  1806445   1.444
  1445     4000  1807696   1.445
  1446     4000  1808947   1.446
  1447     4000  1810198   1.447
  1448     4000  1811449   1.448
  1449     4000  1812700   1.449
  1450     4000  1813951   1.450
  1451     4000  1815202   1.451
  1452     4000  1816453   1.452
  1453     4000  1817704   1.453
  1454     4000  1818955   1.454
  1455     4000  1820206   1.455
  1456     4000  1821457   1.456
  1457     4000  1822708   1.457
  1458     4000  1823959   1.458
  1459     4000  1825210   1.459
  1460     4000  1826461   1.460
  1461     4000  1827712   1.461
  1462     4000  1828963   1.462
  1463     4000  1830214   1.463
  1464     4000  1831465   1.464
  1465     4000  1832716   1.465
  1466     4000  1833967   1.466
  1467     4000  1835218   1.467
  1468     4000  1836469   1.468
  1469     4000  1837720   1.469
  1470     4000  1838971   1.470
  1471     4000  1840222   1.471
  1472     4000  1841473   1.472
  1473     4000  1842724   1.473
  1474     4000  1843975   1.474
  1475     4000  1845226   1.475
  1476     4000  1846477   1.476
  1477     4000  1847728   1.477
  1478     4000  1848979   1.478
  1479     4000  1850230   1.479
  1480     4000  1851481   1.480
  1481     4000  1852732   1.481
  1482     4000  1853983   1.482
  1483     4000  1855234   1.483
  1484     4000  1856485   1.484
  1485     4000  1857736   1.485
  1486     4000  1858987   1.486
  1487     4000  1860238   1.487
  1488     4000  1861489   1.488
  1489     4000  1862740   1.489
  1490     4000  1863991   1.490
  1491     4000  1865242   1.491
  1492     4000  1866493   1.492
  1493     4000  1867744   1.493
  1494     4000  1868995   1.494
  1495     4000  1870246   1.495
  1496     4000  1871497   1.496
  1497     4000  1872748   1.497
  1498     4000  1873999   1.498
  1499     4000  1875250   1.499
  1500     4000  1876501   1.500
  1501     4000  1877752   1.501
  1502     4000  1879003   1.502
  1503     4000  1880254   1.503
  1504     4000  1881505   1.504
  1505     4000  1882756   1.505
  1506     4000  1884007   1.506
  1507     4000  1885258   1.507
  1508     4000  1886509   1.508
  1509     4000  1887760   1.509
  1510     4000  1889011   1.510
  1511     4000  1890262   1.511
  1512     4000  1891513   1.512
  1513     4000  1892764   1.513
  1514     4000  1894015   1.514
  1515     4000  1895266   1.515
  1516     4000  1896517   1.516
  1517     4000  1897768   1.517
  1518     4000  1899019   1.518
  1519     4000  1900270   1.519
  1520     4000  1901521   1.520
  1521     4000  1902772   1.521
  1522     4000  1904023   1.522
  1523     4000  1905274   1.523
  1524     4000  1906525   1.524
  1525     4000  1907776   1.525
  1526     4000  1909027   1.526
  1527     4000  1910278   1.527
  1528     4000  1911529   1.528
  1529     4000  1912780   1.529
  1530     4000  1914031   1.530
  1531     4000  1915282   1.531
  1532     4000  1916533   1.532
  1533     4000  1917784   1.533
  1534     4000  1919035   1.534
  1535     4000  1920286   1.535
  1536     4000  1921537   1.536
  1537     4000  1922788   1.537
  1538     4000  1924039   1.538
  1539     4000  1925290   1.539
  1540     4000  1926541   1.540
  1541     4000  1927792   1.541
  1542     4000  1929043   1.542
  1543     4000  1930294   1.543
  1544     4000  1931545   1.544
  1545     4000  1932796   1.545
  1546     4000  1934047   1.546
  1547     4000  1935298   1.547
  1548     4000  1936549   1.548
  1549     4000  1937800   1.549
  1550     4000  1939051   1.550
  1551     4000  1940302   1.551
  1552     4000  1941553   1.552
  1553     4000  1942804   1.553
  1554     4000  1944055   1.554
  1555     4000  1945306   1.555
  1556     4000  1946557   1.556
  1557     4000  1947808   1.557
  1558     4000  1949059   1.558
  1559     4000  1950310   1.559
  1560     4000  1951561   1.560
  1561     4000  1952812   1.561
  1562     4000  1954063   1.562
  1563     4000  1955314   1.563
  1564     4000  1956565   1.564
  1565     4000  1957816   1.565
  1566     4000  1959067   1.566
  1567     4000  1960318   1.567
  1568     4000  1961569   1.568
  1569     4000  1962820   1.569
  1570     4000  1964071   1.570
  1571     4000  1965322   1.571
  1572     4000  1966573   1.572
  1573     4000  1967824   1.573
  1574     4000  1969075   1.574
  1575     4000  1970326   1.575
  1576     4000  1971577   1.576
  1577     4000  1972828   1.577
  1578     4000  1974079   1.578
  1579     4000  1975330   1.579
  1580     4000  1976581   1.580
  1581     4000  1977832   1.581
  1582     4000  1979083   1.582
  1583     4000  1980334   1.583
  1584     4000  1981585   1.584
  1585     4000  1982836   1.585
  1586     4000  1984087   1.586
  1587     4000  1985338   1.587
  1588     4000  1986589   1.588
  1589     4000  1987840   1.589
  1590     4000  1989091   1.590
  1591     4000  1990342   1.591
  1592     4000  1991593   1.592
  1593     4000  1992844   1.593
  1594     4000  1994095   1.594
  1595     4000  1995346   1.595
  1596     4000  1996597   1.596
  1597     4000  1997848   1.597
  1598     4000  1999099   1.598
  1599     4000  2000350   1.599
  1600     4000  2001601   1.600
  1601     4000  2002852   1.601
  1602     4000  2004103   1.602
  1603     4000  2005354   1.603
  1604     4000  2006605   1.604
  1605     4000  2007856   1.605
  1606     4000  2009107   1.606
  1607     4000  2010358   1.607
  1608     4000  2011609   1.608
  1609     4000  2012860   1.609
  1610     4000  2014111   1.610
  1611     4000  2015362   1.611
  1612     4000  2016613   1.612
  1613     4000  2017864   1.613
  1614     4000  2019115   1.614
  1615     4000  2020366   1.615
  1616     4000  2021617   1.616
  1617     4000  2022868   1.617
  1618     4000  2024119   1.618
  1619     4000  2025370   1.619
  1620     4000  2026621   1.620
  1621     4000  2027872   1.621
  1622     4000  2029123   1.622
  1623     4000  2030374   1.623
  1624     4000  2031625   1.624
  1625     4000  2032876   1.625
  1626     4000  2034127   1.626
  1627     4000  2035378   1.627
  1628     4000  2036629   1.628
  1629     4000  2037880   1.629
  1630     4000  2039131   1.630
  1631     4000  2040382   1.631
  1632     4000  2041633   1.632
  1633     4000  2042884   1.633
  1634     4000  2044135   1.634
  1635     4000  2045386   1.635
  1636     4000  2046637   1.636
  1637     4000  2047888   1.637
  1638     4000  2049139   1.638
  1639     4000  2050390   1.639
  1640     4000  2051641   1.640
  1641     4000  2052892   1.641
  1642     4000  2054143   1.642
  1643     4000  2055394   1.643
  1644     4000  2056645   1.644
  1645     4000  2057896   1.645
  1646     4000  2059147   1.646
  1647     4000  2060398   1.647
  1648     4000  2061649   1.648
  1649     4000  2062900   1.649
  1650     4000  2064151   1.650
  1651     4000  2065402   1.651
  1652     4000  2066653   1.652
  1653     4000  2067904   1.653
  1654     4000  2069155   1.654
  1655     4000  2070406   1.655
  1656     4000  2071657   1.656
  1657     4000  2072908   1.657
  1658     4000  2074159   1.658
  1659     4000  2075410   1.659
  1660     4000  2076661   1.660
  1661     4000  2077912   1.661
  1662     4000  2079163   1.662
  1663     4000  2080414   1.663
  1664     4000  2081665   1.664
  1665     4000  2082916   1.665
  1666     4000  2084167   1.666
  1667     4000  2085418   1.667
  1668     4000  2086669   1.668
  1669     4000  2087920   1.669
  1670     4000  2089171   1.670
  1671     4000  2090422   1.671
  1672     4000  2091673   1.672
  1673     4000  2092924   1.673
  1674     4000  2094175   1.674
  1675     4000  2095426   1.675
  1676     4000  2096677   1.676
  1677     4000  2097928   1.677
  1678     4000  2099179   1.678
  1679     4000  2100430   1.679
  1680     4000  2101681   1.680
  1681     4000  2102932   1.681
  1682     4000  2104183   1.682
  1683     4000  2105434   1.683
  1684     4000  2106685   1.684
  1685     4000  2107936   1.685
  1686     4000  2109187   1.686
  1687     4000  2110438   1.687
  1688     4000  2111689   1.688
  1689     4000  2112940   1.689
  1690     4000  2114191   1.690
  1691     4000  2115442   1.691
  1692     4000  2116693   1.692
  1693     4000  2117944   1.693
  1694     4000  2119195   1.694
  1695     4000  2120446   1.695
  1696     4000  2121697   1.696
  1697     4000  2122948   1.697
  1698     4000  2124199   1.698
  1699     4000  2125450   1.699
  1700     4000  2126701   1.700
  1701     4000  2127952   1.701
  1702     4000  2129203   1.702
  1703     4000  2130454   1.703
  1704     4000  2131705   1.704
  1705     4000  2132956   1.705
  1706     4000  2134207   1.706
  1707     4000  2135458   1.707
  1708     4000  2136709   1.708
  1709     4000  2137960   1.709
  1710     4000  2139211   1.710
  1711     4000  2140462   1.711
  1712     4000  2141713   1.712
  1713     4000  2142964   1.713
  1714     4000  2144215   1.714
  1715     4000  2145466   1.715
  1716     4000  2146717   1.716
  1717     4000  2147968   1.717
  1718     4000  2149219   1.718
  1719     4000  2150470   1.719
  1720     4000  2151721   1.720
  1721     4000  2152972   1.721
  1722     4000  2154223   1.722
  1723     4000  2155474   1.723
  1724     4000  2156725   1.724
  1725     4000  2157976   1.725
  1726     4000  2159227   1.726
  1727     4000  2160478   1.727
  1728     4000  2161729   1.728
  1729     4000  2162980   1.729
  1730     4000  2164231   1.730
  1731     4000  2165482   1.731
  1732     4000  2166733   1.732
  1733     4000  2167984   1.733
  1734     4000  2169235   1.734
  1735     4000  2170486   1.735
  1736     4000  2171737   1.736
  1737     4000  2172988   1.737
  1738     4000  2174239   1.738
  1739     4000  2175490   1.739
  1740     4000  2176741   1.740
  1741     4000  2177992   1.741
  1742     4000  2179243   1.742
  1743     4000  2180494   1.743
  1744     4000  2181745   1.744
  1745     4000  2182996   1.745
  1746     4000  2184247   1.746
  1747     4000  2185498   1.747
  1748     4000  2186749   1.748
  1749     4000  2188000   1.749
  1750     4000  2189251   1.750
  1751     4000  2190502   1.751
  1752     4000  2191753   1.752
  1753     4000  2193004   1.753
  1754     4000  2194255   1.754
  1755     4000  2195506   1.755
  1756     4000  2196757   1.756
  1757     4000  2198008   1.757
  1758     4000  2199259   1.758
  1759     4000  2200510   1.759
  1760     4000  2201761   1.760
  1761     4000  2203012   1.761
  1762     4000  2204263   1.762
  1763     4000  2205514   1.763
  1764     4000  2206765   1.764
  1765     4000  2208016   1.765
  1766     4000  2209267   1.766
  1767     4000  2210518   1.767
  1768     4000  2211769   1.768
  1769     4000  2213020   1.769
  1770     4000  2214271   1.770
  1771     4000  2215522   1.771
  1772     4000  2216773   1.772
  1773     4000  2218024   1.773
  1774     4000  2219275   1.774
  1775     4000  2220526   1.775
  1776     4000  2221777   1.776
  1777     4000  2223028   1.777
  1778     4000  2224279   1.778
  1779     4000  2225530   1.779
  1780     4000  2226781   1.780
  1781     4000  2228032   1.781
  1782     4000  2229283   1.782
  1783     4000  2230534   1.783
  1784     4000  2231785   1.784
  1785     4000  2233036   1.785
  1786     4000  2234287   1.786
  1787     4000  2235538   1.787
  1788     4000  2236789   1.788
  1789     4000  2238040   1.789
  1790     4000  2239291   1.790
  1791     4000  2240542   1.791
  1792     4000  2241793   1.792
  1793     4000  2243044   1.793
  1794     4000  2244295   1.794
  1795     4000  2245546   1.795
  1796     4000  2246797   1.796
  1797     4000  2248048   1.797
  1798     4000  2249299   1.798
  1799     4000  2250550   1.799
  1800     4000  2251801   1.800
  1801     4000  2253052   1.801
  1802     4000  2254303   1.802
  1803     4000  2255554   1.803
  1804     4000  2256805   1.804
  1805     4000  2258056   1.805
  1806     4000  2259307   1.806
  1807     4000  2260558   1.807
  1808     4000  2261809   1.808
  1809     4000  2263060   1.809
  1810     4000  2264311   1.810
  1811     4000  2265562   1.811
  1812     4000  2266813   1.812
  1813     4000  2268064   1.813
  1814     4000  2269315   1.814
  1815     4000  2270566   1.815
  1816     4000  2271817   1.816
